Format:
(LoadFactor) (Number of Collisions)
Data (Table Size = 100):
0.01         0
0.02         0
0.03         0
0.04         0
0.05         0
0.06         0
0.07         0
0.08         0
0.09         0
0.1         0
0.11         0
0.12         0
0.13         0
0.14         0
0.15         0
0.16         0
0.17         0
0.18         0
0.19         1
0.2         1
0.21         2
0.22         2
0.23         2
0.24         2
0.25         3
0.26         3
0.27         3
0.28         3
0.29         3
0.3         4
0.31         4
0.32         4
0.33         4
0.34         4
0.35         5
0.36         5
0.37         6
0.38         6
0.39         6
0.4         6
0.41         6
0.42         6
0.43         6
0.44         6
0.45         6
0.46         7
0.47         9
0.48         11
0.49         12
0.5         16
0.51         17
0.52         17
0.53         18
0.54         18
0.55         18
0.56         18
0.57         18
0.58         23
0.59         23
0.6         24
0.61         25
0.62         29
0.63         29
0.64         36
0.65         36
0.66         36
0.67         36
0.68         44
0.69         46
0.7         49
0.71         55
0.72         57
0.73         64
0.74         65
0.75         69
0.76         74
0.77         76
0.78         76
0.79         81
0.8         89
0.81         91
0.82         93
0.83         93
0.84         99
0.85         118
0.86         154
0.87         165
0.88         169
0.89         170
0.9         171
0.91         210
0.92         256
0.93         316
0.94         380
0.95         432
0.96         504
0.97         505
0.98         537
0.99         623
1         702
Load Factors: 
0.01
0.02
0.03
0.04
0.05
0.06
0.07
0.08
0.09
0.1
0.11
0.12
0.13
0.14
0.15
0.16
0.17
0.18
0.19
0.2
0.21
0.22
0.23
0.24
0.25
0.26
0.27
0.28
0.29
0.3
0.31
0.32
0.33
0.34
0.35
0.36
0.37
0.38
0.39
0.4
0.41
0.42
0.43
0.44
0.45
0.46
0.47
0.48
0.49
0.5
0.51
0.52
0.53
0.54
0.55
0.56
0.57
0.58
0.59
0.6
0.61
0.62
0.63
0.64
0.65
0.66
0.67
0.68
0.69
0.7
0.71
0.72
0.73
0.74
0.75
0.76
0.77
0.78
0.79
0.8
0.81
0.82
0.83
0.84
0.85
0.86
0.87
0.88
0.89
0.9
0.91
0.92
0.93
0.94
0.95
0.96
0.97
0.98
0.99
1
Num of Collisions: 
0
0
0
0
0
0
0
0
0
0
0
0
0
0
0
0
0
0
1
1
2
2
2
2
3
3
3
3
3
4
4
4
4
4
5
5
6
6
6
6
6
6
6
6
6
7
9
11
12
16
17
17
18
18
18
18
18
23
23
24
25
29
29
36
36
36
36
44
46
49
55
57
64
65
69
74
76
76
81
89
91
93
93
99
118
154
165
169
170
171
210
256
316
380
432
504
505
537
623
702
Format:
(LoadFactor) (Number of Collisions)
Data (Table Size = 250):
0.004         0
0.008         0
0.012         0
0.016         0
0.02         0
0.024         0
0.028         0
0.032         0
0.036         0
0.04         0
0.044         0
0.048         0
0.052         0
0.056         0
0.06         0
0.064         0
0.068         0
0.072         0
0.076         1
0.08         1
0.084         1
0.088         1
0.092         1
0.096         1
0.1         1
0.104         1
0.108         1
0.112         1
0.116         1
0.12         2
0.124         2
0.128         2
0.132         2
0.136         2
0.14         2
0.144         2
0.148         2
0.152         2
0.156         2
0.16         2
0.164         2
0.168         2
0.172         2
0.176         2
0.18         2
0.184         2
0.188         3
0.192         5
0.196         5
0.2         5
0.204         5
0.208         8
0.212         9
0.216         9
0.22         9
0.224         9
0.228         9
0.232         10
0.236         10
0.24         10
0.244         10
0.248         11
0.252         11
0.256         11
0.26         12
0.264         12
0.268         12
0.272         13
0.276         13
0.28         13
0.284         13
0.288         13
0.292         13
0.296         13
0.3         13
0.304         13
0.308         13
0.312         13
0.316         13
0.32         13
0.324         13
0.328         13
0.332         14
0.336         14
0.34         16
0.344         16
0.348         19
0.352         19
0.356         19
0.36         19
0.364         19
0.368         19
0.372         20
0.376         20
0.38         26
0.384         32
0.388         35
0.392         35
0.396         35
0.4         39
0.404         42
0.408         42
0.412         42
0.416         42
0.42         44
0.424         44
0.428         44
0.432         44
0.436         45
0.44         45
0.444         46
0.448         47
0.452         48
0.456         50
0.46         50
0.464         50
0.468         50
0.472         52
0.476         52
0.48         52
0.484         52
0.488         58
0.492         58
0.496         59
0.5         59
0.504         59
0.508         59
0.512         61
0.516         62
0.52         62
0.524         64
0.528         64
0.532         64
0.536         65
0.54         69
0.544         71
0.548         71
0.552         75
0.556         77
0.56         77
0.564         77
0.568         90
0.572         91
0.576         91
0.58         94
0.584         94
0.588         94
0.592         96
0.596         96
0.6         96
0.604         96
0.608         99
0.612         104
0.616         104
0.62         106
0.624         106
0.628         107
0.632         107
0.636         108
0.64         109
0.644         109
0.648         110
0.652         110
0.656         124
0.66         129
0.664         129
0.668         129
0.672         142
0.676         143
0.68         154
0.684         170
0.688         173
0.692         174
0.696         177
0.7         177
0.704         180
0.708         180
0.712         181
0.716         183
0.72         183
0.724         185
0.728         186
0.732         192
0.736         192
0.74         200
0.744         200
0.748         204
0.752         226
0.756         227
0.76         232
0.764         234
0.768         240
0.772         249
0.776         253
0.78         258
0.784         264
0.788         267
0.792         267
0.796         268
0.8         269
0.804         275
0.808         275
0.812         275
0.816         275
0.82         287
0.824         289
0.828         289
0.832         300
0.836         320
0.84         336
0.844         343
0.848         351
0.852         351
0.856         355
0.86         355
0.864         355
0.868         368
0.872         371
0.876         371
0.88         377
0.884         379
0.888         406
0.892         412
0.896         414
0.9         426
0.904         441
0.908         465
0.912         469
0.916         469
0.92         494
0.924         527
0.928         530
0.932         571
0.936         654
0.94         663
0.944         672
0.948         690
0.952         702
0.956         799
0.96         895
0.964         1035
0.968         1039
0.972         1092
0.976         1119
0.98         1155
0.984         1211
0.988         1333
0.992         1443
0.996         1539
1         1554
Load Factors: 
0.004
0.008
0.012
0.016
0.02
0.024
0.028
0.032
0.036
0.04
0.044
0.048
0.052
0.056
0.06
0.064
0.068
0.072
0.076
0.08
0.084
0.088
0.092
0.096
0.1
0.104
0.108
0.112
0.116
0.12
0.124
0.128
0.132
0.136
0.14
0.144
0.148
0.152
0.156
0.16
0.164
0.168
0.172
0.176
0.18
0.184
0.188
0.192
0.196
0.2
0.204
0.208
0.212
0.216
0.22
0.224
0.228
0.232
0.236
0.24
0.244
0.248
0.252
0.256
0.26
0.264
0.268
0.272
0.276
0.28
0.284
0.288
0.292
0.296
0.3
0.304
0.308
0.312
0.316
0.32
0.324
0.328
0.332
0.336
0.34
0.344
0.348
0.352
0.356
0.36
0.364
0.368
0.372
0.376
0.38
0.384
0.388
0.392
0.396
0.4
0.404
0.408
0.412
0.416
0.42
0.424
0.428
0.432
0.436
0.44
0.444
0.448
0.452
0.456
0.46
0.464
0.468
0.472
0.476
0.48
0.484
0.488
0.492
0.496
0.5
0.504
0.508
0.512
0.516
0.52
0.524
0.528
0.532
0.536
0.54
0.544
0.548
0.552
0.556
0.56
0.564
0.568
0.572
0.576
0.58
0.584
0.588
0.592
0.596
0.6
0.604
0.608
0.612
0.616
0.62
0.624
0.628
0.632
0.636
0.64
0.644
0.648
0.652
0.656
0.66
0.664
0.668
0.672
0.676
0.68
0.684
0.688
0.692
0.696
0.7
0.704
0.708
0.712
0.716
0.72
0.724
0.728
0.732
0.736
0.74
0.744
0.748
0.752
0.756
0.76
0.764
0.768
0.772
0.776
0.78
0.784
0.788
0.792
0.796
0.8
0.804
0.808
0.812
0.816
0.82
0.824
0.828
0.832
0.836
0.84
0.844
0.848
0.852
0.856
0.86
0.864
0.868
0.872
0.876
0.88
0.884
0.888
0.892
0.896
0.9
0.904
0.908
0.912
0.916
0.92
0.924
0.928
0.932
0.936
0.94
0.944
0.948
0.952
0.956
0.96
0.964
0.968
0.972
0.976
0.98
0.984
0.988
0.992
0.996
1
Num of Collisions: 
0
0
0
0
0
0
0
0
0
0
0
0
0
0
0
0
0
0
1
1
1
1
1
1
1
1
1
1
1
2
2
2
2
2
2
2
2
2
2
2
2
2
2
2
2
2
3
5
5
5
5
8
9
9
9
9
9
10
10
10
10
11
11
11
12
12
12
13
13
13
13
13
13
13
13
13
13
13
13
13
13
13
14
14
16
16
19
19
19
19
19
19
20
20
26
32
35
35
35
39
42
42
42
42
44
44
44
44
45
45
46
47
48
50
50
50
50
52
52
52
52
58
58
59
59
59
59
61
62
62
64
64
64
65
69
71
71
75
77
77
77
90
91
91
94
94
94
96
96
96
96
99
104
104
106
106
107
107
108
109
109
110
110
124
129
129
129
142
143
154
170
173
174
177
177
180
180
181
183
183
185
186
192
192
200
200
204
226
227
232
234
240
249
253
258
264
267
267
268
269
275
275
275
275
287
289
289
300
320
336
343
351
351
355
355
355
368
371
371
377
379
406
412
414
426
441
465
469
469
494
527
530
571
654
663
672
690
702
799
895
1035
1039
1092
1119
1155
1211
1333
1443
1539
1554
Format:
(LoadFactor) (Number of Collisions)
Data (Table Size = 500):
0.002         0
0.004         0
0.006         0
0.008         0
0.01         0
0.012         0
0.014         0
0.016         0
0.018         0
0.02         0
0.022         0
0.024         0
0.026         0
0.028         0
0.03         0
0.032         0
0.034         0
0.036         0
0.038         1
0.04         1
0.042         1
0.044         1
0.046         1
0.048         1
0.05         1
0.052         1
0.054         1
0.056         1
0.058         1
0.06         1
0.062         1
0.064         1
0.066         1
0.068         1
0.07         1
0.072         1
0.074         1
0.076         1
0.078         1
0.08         1
0.082         1
0.084         1
0.086         1
0.088         1
0.09         1
0.092         1
0.094         1
0.096         1
0.098         1
0.1         1
0.102         1
0.104         1
0.106         1
0.108         1
0.11         1
0.112         1
0.114         1
0.116         1
0.118         1
0.12         1
0.122         1
0.124         2
0.126         2
0.128         2
0.13         2
0.132         2
0.134         2
0.136         3
0.138         3
0.14         3
0.142         3
0.144         3
0.146         3
0.148         3
0.15         3
0.152         3
0.154         3
0.156         3
0.158         3
0.16         3
0.162         3
0.164         3
0.166         3
0.168         3
0.17         3
0.172         3
0.174         3
0.176         3
0.178         3
0.18         3
0.182         3
0.184         3
0.186         3
0.188         3
0.19         5
0.192         9
0.194         9
0.196         9
0.198         9
0.2         11
0.202         13
0.204         13
0.206         13
0.208         13
0.21         13
0.212         13
0.214         13
0.216         13
0.218         14
0.22         14
0.222         14
0.224         14
0.226         14
0.228         14
0.23         14
0.232         14
0.234         14
0.236         14
0.238         14
0.24         14
0.242         14
0.244         14
0.246         14
0.248         14
0.25         14
0.252         14
0.254         14
0.256         14
0.258         14
0.26         14
0.262         15
0.264         15
0.266         15
0.268         16
0.27         18
0.272         20
0.274         20
0.276         20
0.278         20
0.28         20
0.282         20
0.284         20
0.286         21
0.288         21
0.29         21
0.292         21
0.294         21
0.296         21
0.298         21
0.3         21
0.302         21
0.304         23
0.306         25
0.308         25
0.31         25
0.312         25
0.314         25
0.316         25
0.318         25
0.32         26
0.322         26
0.324         27
0.326         27
0.328         34
0.33         35
0.332         35
0.334         35
0.336         39
0.338         39
0.34         41
0.342         41
0.344         41
0.346         41
0.348         41
0.35         41
0.352         42
0.354         42
0.356         42
0.358         44
0.36         44
0.362         45
0.364         45
0.366         45
0.368         45
0.37         45
0.372         45
0.374         46
0.376         47
0.378         47
0.38         49
0.382         49
0.384         52
0.386         53
0.388         55
0.39         55
0.392         57
0.394         57
0.396         57
0.398         57
0.4         57
0.402         57
0.404         57
0.406         57
0.408         57
0.41         57
0.412         57
0.414         57
0.416         57
0.418         57
0.42         57
0.422         60
0.424         61
0.426         61
0.428         61
0.43         61
0.432         61
0.434         61
0.436         63
0.438         63
0.44         63
0.442         63
0.444         63
0.446         63
0.448         63
0.45         64
0.452         64
0.454         64
0.456         65
0.458         65
0.46         65
0.462         67
0.464         69
0.466         69
0.468         72
0.47         73
0.472         73
0.474         73
0.476         73
0.478         81
0.48         82
0.482         94
0.484         94
0.486         96
0.488         98
0.49         99
0.492         101
0.494         101
0.496         101
0.498         105
0.5         105
0.502         109
0.504         109
0.506         109
0.508         109
0.51         111
0.512         111
0.514         111
0.516         112
0.518         112
0.52         112
0.522         114
0.524         114
0.526         115
0.528         115
0.53         115
0.532         115
0.534         117
0.536         117
0.538         120
0.54         122
0.542         122
0.544         122
0.546         122
0.548         122
0.55         122
0.552         122
0.554         125
0.556         128
0.558         129
0.56         132
0.562         132
0.564         132
0.566         134
0.568         139
0.57         139
0.572         141
0.574         141
0.576         141
0.578         141
0.58         141
0.582         143
0.584         143
0.586         146
0.588         148
0.59         148
0.592         150
0.594         152
0.596         152
0.598         153
0.6         153
0.602         156
0.604         158
0.606         163
0.608         165
0.61         167
0.612         170
0.614         173
0.616         175
0.618         184
0.62         187
0.622         189
0.624         189
0.626         190
0.628         197
0.63         198
0.632         203
0.634         203
0.636         203
0.638         203
0.64         206
0.642         211
0.644         214
0.646         214
0.648         217
0.65         220
0.652         222
0.654         222
0.656         223
0.658         223
0.66         223
0.662         223
0.664         225
0.666         225
0.668         226
0.67         226
0.672         232
0.674         233
0.676         234
0.678         243
0.68         243
0.682         248
0.684         249
0.686         249
0.688         255
0.69         257
0.692         261
0.694         267
0.696         275
0.698         281
0.7         286
0.702         286
0.704         289
0.706         295
0.708         295
0.71         295
0.712         314
0.714         316
0.716         324
0.718         325
0.72         329
0.722         356
0.724         362
0.726         364
0.728         368
0.73         387
0.732         394
0.734         404
0.736         425
0.738         437
0.74         438
0.742         460
0.744         466
0.746         467
0.748         495
0.75         495
0.752         502
0.754         502
0.756         506
0.758         516
0.76         516
0.762         533
0.764         533
0.766         538
0.768         544
0.77         550
0.772         550
0.774         553
0.776         554
0.778         565
0.78         567
0.782         572
0.784         575
0.786         581
0.788         602
0.79         610
0.792         610
0.794         613
0.796         662
0.798         671
0.8         675
0.802         675
0.804         679
0.806         682
0.808         697
0.81         715
0.812         722
0.814         728
0.816         741
0.818         741
0.82         742
0.822         787
0.824         787
0.826         788
0.828         794
0.83         815
0.832         856
0.834         866
0.836         867
0.838         871
0.84         874
0.842         876
0.844         915
0.846         927
0.848         928
0.85         934
0.852         937
0.854         939
0.856         940
0.858         950
0.86         1013
0.862         1015
0.864         1019
0.866         1046
0.868         1049
0.87         1055
0.872         1056
0.874         1061
0.876         1106
0.878         1107
0.88         1127
0.882         1133
0.884         1141
0.886         1143
0.888         1196
0.89         1265
0.892         1282
0.894         1375
0.896         1418
0.898         1461
0.9         1469
0.902         1518
0.904         1526
0.906         1526
0.908         1571
0.91         1653
0.912         1708
0.914         1716
0.916         1747
0.918         1811
0.92         1816
0.922         1829
0.924         1846
0.926         1897
0.928         2004
0.93         2006
0.932         2097
0.934         2162
0.936         2167
0.938         2184
0.94         2336
0.942         2405
0.944         2417
0.946         2491
0.948         2543
0.95         2548
0.952         2568
0.954         2608
0.956         2626
0.958         2710
0.96         2711
0.962         2713
0.964         2713
0.966         2759
0.968         2884
0.97         2920
0.972         3081
0.974         3093
0.976         3104
0.978         3225
0.98         3548
0.982         3877
0.984         4137
0.986         4141
0.988         4559
0.99         4821
0.992         5124
0.994         5294
0.996         5441
0.998         5657
1         6052
Load Factors: 
0.002
0.004
0.006
0.008
0.01
0.012
0.014
0.016
0.018
0.02
0.022
0.024
0.026
0.028
0.03
0.032
0.034
0.036
0.038
0.04
0.042
0.044
0.046
0.048
0.05
0.052
0.054
0.056
0.058
0.06
0.062
0.064
0.066
0.068
0.07
0.072
0.074
0.076
0.078
0.08
0.082
0.084
0.086
0.088
0.09
0.092
0.094
0.096
0.098
0.1
0.102
0.104
0.106
0.108
0.11
0.112
0.114
0.116
0.118
0.12
0.122
0.124
0.126
0.128
0.13
0.132
0.134
0.136
0.138
0.14
0.142
0.144
0.146
0.148
0.15
0.152
0.154
0.156
0.158
0.16
0.162
0.164
0.166
0.168
0.17
0.172
0.174
0.176
0.178
0.18
0.182
0.184
0.186
0.188
0.19
0.192
0.194
0.196
0.198
0.2
0.202
0.204
0.206
0.208
0.21
0.212
0.214
0.216
0.218
0.22
0.222
0.224
0.226
0.228
0.23
0.232
0.234
0.236
0.238
0.24
0.242
0.244
0.246
0.248
0.25
0.252
0.254
0.256
0.258
0.26
0.262
0.264
0.266
0.268
0.27
0.272
0.274
0.276
0.278
0.28
0.282
0.284
0.286
0.288
0.29
0.292
0.294
0.296
0.298
0.3
0.302
0.304
0.306
0.308
0.31
0.312
0.314
0.316
0.318
0.32
0.322
0.324
0.326
0.328
0.33
0.332
0.334
0.336
0.338
0.34
0.342
0.344
0.346
0.348
0.35
0.352
0.354
0.356
0.358
0.36
0.362
0.364
0.366
0.368
0.37
0.372
0.374
0.376
0.378
0.38
0.382
0.384
0.386
0.388
0.39
0.392
0.394
0.396
0.398
0.4
0.402
0.404
0.406
0.408
0.41
0.412
0.414
0.416
0.418
0.42
0.422
0.424
0.426
0.428
0.43
0.432
0.434
0.436
0.438
0.44
0.442
0.444
0.446
0.448
0.45
0.452
0.454
0.456
0.458
0.46
0.462
0.464
0.466
0.468
0.47
0.472
0.474
0.476
0.478
0.48
0.482
0.484
0.486
0.488
0.49
0.492
0.494
0.496
0.498
0.5
0.502
0.504
0.506
0.508
0.51
0.512
0.514
0.516
0.518
0.52
0.522
0.524
0.526
0.528
0.53
0.532
0.534
0.536
0.538
0.54
0.542
0.544
0.546
0.548
0.55
0.552
0.554
0.556
0.558
0.56
0.562
0.564
0.566
0.568
0.57
0.572
0.574
0.576
0.578
0.58
0.582
0.584
0.586
0.588
0.59
0.592
0.594
0.596
0.598
0.6
0.602
0.604
0.606
0.608
0.61
0.612
0.614
0.616
0.618
0.62
0.622
0.624
0.626
0.628
0.63
0.632
0.634
0.636
0.638
0.64
0.642
0.644
0.646
0.648
0.65
0.652
0.654
0.656
0.658
0.66
0.662
0.664
0.666
0.668
0.67
0.672
0.674
0.676
0.678
0.68
0.682
0.684
0.686
0.688
0.69
0.692
0.694
0.696
0.698
0.7
0.702
0.704
0.706
0.708
0.71
0.712
0.714
0.716
0.718
0.72
0.722
0.724
0.726
0.728
0.73
0.732
0.734
0.736
0.738
0.74
0.742
0.744
0.746
0.748
0.75
0.752
0.754
0.756
0.758
0.76
0.762
0.764
0.766
0.768
0.77
0.772
0.774
0.776
0.778
0.78
0.782
0.784
0.786
0.788
0.79
0.792
0.794
0.796
0.798
0.8
0.802
0.804
0.806
0.808
0.81
0.812
0.814
0.816
0.818
0.82
0.822
0.824
0.826
0.828
0.83
0.832
0.834
0.836
0.838
0.84
0.842
0.844
0.846
0.848
0.85
0.852
0.854
0.856
0.858
0.86
0.862
0.864
0.866
0.868
0.87
0.872
0.874
0.876
0.878
0.88
0.882
0.884
0.886
0.888
0.89
0.892
0.894
0.896
0.898
0.9
0.902
0.904
0.906
0.908
0.91
0.912
0.914
0.916
0.918
0.92
0.922
0.924
0.926
0.928
0.93
0.932
0.934
0.936
0.938
0.94
0.942
0.944
0.946
0.948
0.95
0.952
0.954
0.956
0.958
0.96
0.962
0.964
0.966
0.968
0.97
0.972
0.974
0.976
0.978
0.98
0.982
0.984
0.986
0.988
0.99
0.992
0.994
0.996
0.998
1
Num of Collisions: 
0
0
0
0
0
0
0
0
0
0
0
0
0
0
0
0
0
0
1
1
1
1
1
1
1
1
1
1
1
1
1
1
1
1
1
1
1
1
1
1
1
1
1
1
1
1
1
1
1
1
1
1
1
1
1
1
1
1
1
1
1
2
2
2
2
2
2
3
3
3
3
3
3
3
3
3
3
3
3
3
3
3
3
3
3
3
3
3
3
3
3
3
3
3
5
9
9
9
9
11
13
13
13
13
13
13
13
13
14
14
14
14
14
14
14
14
14
14
14
14
14
14
14
14
14
14
14
14
14
14
15
15
15
16
18
20
20
20
20
20
20
20
21
21
21
21
21
21
21
21
21
23
25
25
25
25
25
25
25
26
26
27
27
34
35
35
35
39
39
41
41
41
41
41
41
42
42
42
44
44
45
45
45
45
45
45
46
47
47
49
49
52
53
55
55
57
57
57
57
57
57
57
57
57
57
57
57
57
57
57
60
61
61
61
61
61
61
63
63
63
63
63
63
63
64
64
64
65
65
65
67
69
69
72
73
73
73
73
81
82
94
94
96
98
99
101
101
101
105
105
109
109
109
109
111
111
111
112
112
112
114
114
115
115
115
115
117
117
120
122
122
122
122
122
122
122
125
128
129
132
132
132
134
139
139
141
141
141
141
141
143
143
146
148
148
150
152
152
153
153
156
158
163
165
167
170
173
175
184
187
189
189
190
197
198
203
203
203
203
206
211
214
214
217
220
222
222
223
223
223
223
225
225
226
226
232
233
234
243
243
248
249
249
255
257
261
267
275
281
286
286
289
295
295
295
314
316
324
325
329
356
362
364
368
387
394
404
425
437
438
460
466
467
495
495
502
502
506
516
516
533
533
538
544
550
550
553
554
565
567
572
575
581
602
610
610
613
662
671
675
675
679
682
697
715
722
728
741
741
742
787
787
788
794
815
856
866
867
871
874
876
915
927
928
934
937
939
940
950
1013
1015
1019
1046
1049
1055
1056
1061
1106
1107
1127
1133
1141
1143
1196
1265
1282
1375
1418
1461
1469
1518
1526
1526
1571
1653
1708
1716
1747
1811
1816
1829
1846
1897
2004
2006
2097
2162
2167
2184
2336
2405
2417
2491
2543
2548
2568
2608
2626
2710
2711
2713
2713
2759
2884
2920
3081
3093
3104
3225
3548
3877
4137
4141
4559
4821
5124
5294
5441
5657
6052
