Format:
(LoadFactor) (Number of Collisions)
Data (Table Size = 100):
0.01         0
0.02         0
0.03         0
0.04         0
0.05         0
0.06         0
0.07         0
0.08         0
0.09         0
0.1         0
0.11         0
0.12         0
0.13         0
0.14         0
0.15         0
0.16         0
0.17         0
0.18         0
0.19         2
0.2         2
0.21         4
0.22         4
0.23         4
0.24         4
0.25         4
0.26         4
0.27         4
0.28         4
0.29         4
0.3         6
0.31         6
0.32         6
0.33         6
0.34         6
0.35         8
0.36         8
0.37         10
0.38         10
0.39         10
0.4         10
0.41         10
0.42         10
0.43         10
0.44         10
0.45         10
0.46         12
0.47         14
0.48         16
0.49         18
0.5         18
0.51         20
0.52         20
0.53         22
0.54         22
0.55         22
0.56         22
0.57         22
0.58         25
0.59         25
0.6         27
0.61         29
0.62         31
0.63         31
0.64         33
0.65         33
0.66         33
0.67         33
0.68         36
0.69         39
0.7         39
0.71         39
0.72         41
0.73         43
0.74         45
0.75         45
0.76         45
0.77         47
0.78         47
0.79         47
0.8         49
0.81         52
0.82         54
0.83         54
0.84         54
0.85         54
0.86         56
0.87         56
0.88         56
0.89         56
0.9         56
0.91         58
0.92         58
0.93         60
0.94         63
0.95         65
0.96         67
0.97         69
0.98         71
0.99         75
1         79
Load Factors: 
0.01
0.02
0.03
0.04
0.05
0.06
0.07
0.08
0.09
0.1
0.11
0.12
0.13
0.14
0.15
0.16
0.17
0.18
0.19
0.2
0.21
0.22
0.23
0.24
0.25
0.26
0.27
0.28
0.29
0.3
0.31
0.32
0.33
0.34
0.35
0.36
0.37
0.38
0.39
0.4
0.41
0.42
0.43
0.44
0.45
0.46
0.47
0.48
0.49
0.5
0.51
0.52
0.53
0.54
0.55
0.56
0.57
0.58
0.59
0.6
0.61
0.62
0.63
0.64
0.65
0.66
0.67
0.68
0.69
0.7
0.71
0.72
0.73
0.74
0.75
0.76
0.77
0.78
0.79
0.8
0.81
0.82
0.83
0.84
0.85
0.86
0.87
0.88
0.89
0.9
0.91
0.92
0.93
0.94
0.95
0.96
0.97
0.98
0.99
1
Num of Collisions: 
0
0
0
0
0
0
0
0
0
0
0
0
0
0
0
0
0
0
2
2
4
4
4
4
4
4
4
4
4
6
6
6
6
6
8
8
10
10
10
10
10
10
10
10
10
12
14
16
18
18
20
20
22
22
22
22
22
25
25
27
29
31
31
33
33
33
33
36
39
39
39
41
43
45
45
45
47
47
47
49
52
54
54
54
54
56
56
56
56
56
58
58
60
63
65
67
69
71
75
79
Format:
(LoadFactor) (Number of Collisions)
Data (Table Size = 250):
0.004         0
0.008         0
0.012         0
0.016         0
0.02         0
0.024         0
0.028         0
0.032         0
0.036         0
0.04         0
0.044         0
0.048         0
0.052         0
0.056         0
0.06         0
0.064         0
0.068         0
0.072         0
0.076         2
0.08         2
0.084         2
0.088         2
0.092         2
0.096         2
0.1         2
0.104         2
0.108         2
0.112         2
0.116         2
0.12         4
0.124         4
0.128         4
0.132         4
0.136         4
0.14         4
0.144         4
0.148         4
0.152         4
0.156         4
0.16         4
0.164         4
0.168         4
0.172         4
0.176         4
0.18         4
0.184         4
0.188         6
0.192         8
0.196         8
0.2         8
0.204         8
0.208         10
0.212         12
0.216         12
0.22         12
0.224         12
0.228         12
0.232         14
0.236         14
0.24         14
0.244         14
0.248         16
0.252         16
0.256         16
0.26         18
0.264         18
0.268         18
0.272         20
0.276         20
0.28         20
0.284         20
0.288         20
0.292         20
0.296         20
0.3         20
0.304         20
0.308         20
0.312         20
0.316         20
0.32         20
0.324         20
0.328         20
0.332         22
0.336         22
0.34         24
0.344         24
0.348         26
0.352         26
0.356         26
0.36         26
0.364         26
0.368         26
0.372         28
0.376         28
0.38         30
0.384         33
0.388         35
0.392         35
0.396         35
0.4         37
0.404         39
0.408         39
0.412         39
0.416         39
0.42         41
0.424         41
0.428         41
0.432         41
0.436         43
0.44         43
0.444         45
0.448         47
0.452         47
0.456         49
0.46         49
0.464         49
0.468         49
0.472         51
0.476         51
0.48         51
0.484         51
0.488         53
0.492         53
0.496         55
0.5         55
0.504         55
0.508         55
0.512         55
0.516         57
0.52         57
0.524         59
0.528         59
0.532         59
0.536         61
0.54         64
0.544         66
0.548         66
0.552         68
0.556         70
0.56         70
0.564         70
0.568         73
0.572         75
0.576         75
0.58         75
0.584         75
0.588         75
0.592         75
0.596         75
0.6         75
0.604         75
0.608         77
0.612         80
0.616         80
0.62         80
0.624         80
0.628         82
0.632         82
0.636         84
0.64         86
0.644         86
0.648         88
0.652         88
0.656         92
0.66         94
0.664         94
0.668         94
0.672         97
0.676         97
0.68         100
0.684         104
0.688         104
0.692         106
0.696         108
0.7         108
0.704         111
0.708         111
0.712         111
0.716         113
0.72         113
0.724         116
0.728         118
0.732         118
0.736         118
0.74         121
0.744         121
0.748         124
0.752         128
0.756         128
0.76         130
0.764         132
0.768         134
0.772         136
0.776         138
0.78         138
0.784         140
0.788         140
0.792         140
0.796         140
0.8         142
0.804         142
0.808         142
0.812         142
0.816         142
0.82         146
0.824         148
0.828         148
0.832         150
0.836         153
0.84         155
0.844         158
0.848         160
0.852         160
0.856         163
0.86         163
0.864         163
0.868         165
0.872         165
0.876         165
0.88         167
0.884         167
0.888         169
0.892         169
0.896         172
0.9         172
0.904         172
0.908         172
0.912         175
0.916         175
0.92         175
0.924         179
0.928         183
0.932         183
0.936         188
0.94         188
0.944         188
0.948         188
0.952         188
0.956         193
0.96         195
0.964         201
0.968         203
0.972         205
0.976         207
0.98         209
0.984         212
0.988         212
0.992         212
0.996         212
1         212
Load Factors: 
0.004
0.008
0.012
0.016
0.02
0.024
0.028
0.032
0.036
0.04
0.044
0.048
0.052
0.056
0.06
0.064
0.068
0.072
0.076
0.08
0.084
0.088
0.092
0.096
0.1
0.104
0.108
0.112
0.116
0.12
0.124
0.128
0.132
0.136
0.14
0.144
0.148
0.152
0.156
0.16
0.164
0.168
0.172
0.176
0.18
0.184
0.188
0.192
0.196
0.2
0.204
0.208
0.212
0.216
0.22
0.224
0.228
0.232
0.236
0.24
0.244
0.248
0.252
0.256
0.26
0.264
0.268
0.272
0.276
0.28
0.284
0.288
0.292
0.296
0.3
0.304
0.308
0.312
0.316
0.32
0.324
0.328
0.332
0.336
0.34
0.344
0.348
0.352
0.356
0.36
0.364
0.368
0.372
0.376
0.38
0.384
0.388
0.392
0.396
0.4
0.404
0.408
0.412
0.416
0.42
0.424
0.428
0.432
0.436
0.44
0.444
0.448
0.452
0.456
0.46
0.464
0.468
0.472
0.476
0.48
0.484
0.488
0.492
0.496
0.5
0.504
0.508
0.512
0.516
0.52
0.524
0.528
0.532
0.536
0.54
0.544
0.548
0.552
0.556
0.56
0.564
0.568
0.572
0.576
0.58
0.584
0.588
0.592
0.596
0.6
0.604
0.608
0.612
0.616
0.62
0.624
0.628
0.632
0.636
0.64
0.644
0.648
0.652
0.656
0.66
0.664
0.668
0.672
0.676
0.68
0.684
0.688
0.692
0.696
0.7
0.704
0.708
0.712
0.716
0.72
0.724
0.728
0.732
0.736
0.74
0.744
0.748
0.752
0.756
0.76
0.764
0.768
0.772
0.776
0.78
0.784
0.788
0.792
0.796
0.8
0.804
0.808
0.812
0.816
0.82
0.824
0.828
0.832
0.836
0.84
0.844
0.848
0.852
0.856
0.86
0.864
0.868
0.872
0.876
0.88
0.884
0.888
0.892
0.896
0.9
0.904
0.908
0.912
0.916
0.92
0.924
0.928
0.932
0.936
0.94
0.944
0.948
0.952
0.956
0.96
0.964
0.968
0.972
0.976
0.98
0.984
0.988
0.992
0.996
1
Num of Collisions: 
0
0
0
0
0
0
0
0
0
0
0
0
0
0
0
0
0
0
2
2
2
2
2
2
2
2
2
2
2
4
4
4
4
4
4
4
4
4
4
4
4
4
4
4
4
4
6
8
8
8
8
10
12
12
12
12
12
14
14
14
14
16
16
16
18
18
18
20
20
20
20
20
20
20
20
20
20
20
20
20
20
20
22
22
24
24
26
26
26
26
26
26
28
28
30
33
35
35
35
37
39
39
39
39
41
41
41
41
43
43
45
47
47
49
49
49
49
51
51
51
51
53
53
55
55
55
55
55
57
57
59
59
59
61
64
66
66
68
70
70
70
73
75
75
75
75
75
75
75
75
75
77
80
80
80
80
82
82
84
86
86
88
88
92
94
94
94
97
97
100
104
104
106
108
108
111
111
111
113
113
116
118
118
118
121
121
124
128
128
130
132
134
136
138
138
140
140
140
140
142
142
142
142
142
146
148
148
150
153
155
158
160
160
163
163
163
165
165
165
167
167
169
169
172
172
172
172
175
175
175
179
183
183
188
188
188
188
188
193
195
201
203
205
207
209
212
212
212
212
212
Format:
(LoadFactor) (Number of Collisions)
Data (Table Size = 500):
0.002         0
0.004         0
0.006         0
0.008         0
0.01         0
0.012         0
0.014         0
0.016         0
0.018         0
0.02         0
0.022         0
0.024         0
0.026         0
0.028         0
0.03         0
0.032         0
0.034         0
0.036         0
0.038         2
0.04         2
0.042         2
0.044         2
0.046         2
0.048         2
0.05         2
0.052         2
0.054         2
0.056         2
0.058         2
0.06         2
0.062         2
0.064         2
0.066         2
0.068         2
0.07         2
0.072         2
0.074         2
0.076         2
0.078         2
0.08         2
0.082         2
0.084         2
0.086         2
0.088         2
0.09         2
0.092         2
0.094         2
0.096         2
0.098         2
0.1         2
0.102         2
0.104         2
0.106         2
0.108         2
0.11         2
0.112         2
0.114         2
0.116         2
0.118         2
0.12         2
0.122         2
0.124         4
0.126         4
0.128         4
0.13         4
0.132         4
0.134         4
0.136         6
0.138         6
0.14         6
0.142         6
0.144         6
0.146         6
0.148         6
0.15         6
0.152         6
0.154         6
0.156         6
0.158         6
0.16         6
0.162         6
0.164         6
0.166         6
0.168         6
0.17         6
0.172         6
0.174         6
0.176         6
0.178         6
0.18         6
0.182         6
0.184         6
0.186         6
0.188         6
0.19         8
0.192         10
0.194         10
0.196         10
0.198         10
0.2         12
0.202         14
0.204         14
0.206         14
0.208         14
0.21         14
0.212         14
0.214         14
0.216         14
0.218         16
0.22         16
0.222         16
0.224         16
0.226         16
0.228         16
0.23         16
0.232         16
0.234         16
0.236         16
0.238         16
0.24         16
0.242         16
0.244         16
0.246         16
0.248         16
0.25         16
0.252         16
0.254         16
0.256         16
0.258         16
0.26         16
0.262         18
0.264         18
0.266         18
0.268         20
0.27         22
0.272         24
0.274         24
0.276         24
0.278         24
0.28         24
0.282         24
0.284         24
0.286         26
0.288         26
0.29         26
0.292         26
0.294         26
0.296         26
0.298         26
0.3         26
0.302         26
0.304         28
0.306         30
0.308         30
0.31         30
0.312         30
0.314         30
0.316         30
0.318         30
0.32         32
0.322         32
0.324         34
0.326         34
0.328         37
0.33         39
0.332         39
0.334         39
0.336         42
0.338         42
0.34         45
0.342         45
0.344         45
0.346         45
0.348         45
0.35         45
0.352         47
0.354         47
0.356         47
0.358         49
0.36         49
0.362         51
0.364         51
0.366         51
0.368         51
0.37         51
0.372         51
0.374         53
0.376         55
0.378         55
0.38         57
0.382         57
0.384         59
0.386         61
0.388         63
0.39         63
0.392         65
0.394         65
0.396         65
0.398         65
0.4         65
0.402         65
0.404         65
0.406         65
0.408         65
0.41         65
0.412         65
0.414         65
0.416         65
0.418         65
0.42         65
0.422         68
0.424         68
0.426         68
0.428         68
0.43         68
0.432         68
0.434         68
0.436         68
0.438         68
0.44         68
0.442         68
0.444         68
0.446         68
0.448         68
0.45         68
0.452         68
0.454         68
0.456         70
0.458         70
0.46         70
0.462         72
0.464         75
0.466         75
0.468         78
0.47         78
0.472         78
0.474         78
0.476         78
0.478         81
0.48         83
0.482         87
0.484         87
0.486         89
0.488         91
0.49         93
0.492         95
0.494         95
0.496         95
0.498         95
0.5         95
0.502         97
0.504         97
0.506         97
0.508         97
0.51         97
0.512         97
0.514         97
0.516         99
0.518         99
0.52         99
0.522         101
0.524         101
0.526         103
0.528         103
0.53         103
0.532         103
0.534         105
0.536         105
0.538         108
0.54         110
0.542         110
0.544         110
0.546         110
0.548         110
0.55         110
0.552         110
0.554         112
0.556         112
0.558         114
0.56         117
0.562         117
0.564         117
0.566         117
0.568         117
0.57         117
0.572         117
0.574         117
0.576         117
0.578         117
0.58         117
0.582         119
0.584         119
0.586         121
0.588         123
0.59         123
0.592         123
0.594         125
0.596         125
0.598         127
0.6         127
0.602         129
0.604         131
0.606         133
0.608         133
0.61         133
0.612         135
0.614         135
0.616         135
0.618         137
0.62         139
0.622         141
0.624         141
0.626         143
0.628         146
0.63         148
0.632         150
0.634         150
0.636         150
0.638         150
0.64         152
0.642         154
0.644         154
0.646         154
0.648         154
0.65         154
0.652         156
0.654         156
0.656         158
0.658         158
0.66         158
0.662         158
0.664         158
0.666         158
0.668         160
0.67         160
0.672         160
0.674         162
0.676         162
0.678         164
0.68         164
0.682         166
0.684         168
0.686         168
0.688         170
0.69         172
0.692         174
0.694         176
0.696         178
0.698         181
0.7         183
0.702         183
0.704         183
0.706         185
0.708         185
0.71         185
0.712         187
0.714         187
0.716         187
0.718         189
0.72         191
0.722         194
0.724         194
0.726         197
0.728         200
0.73         200
0.732         200
0.734         203
0.736         205
0.738         209
0.74         209
0.742         211
0.744         213
0.746         215
0.748         215
0.75         215
0.752         219
0.754         219
0.756         219
0.758         222
0.76         222
0.762         224
0.764         224
0.766         227
0.768         229
0.77         232
0.772         232
0.774         234
0.776         234
0.778         236
0.78         236
0.782         238
0.784         240
0.786         240
0.788         242
0.79         245
0.792         245
0.794         245
0.796         247
0.798         249
0.8         249
0.802         249
0.804         251
0.806         253
0.808         257
0.81         259
0.812         261
0.814         263
0.816         263
0.818         263
0.82         265
0.822         265
0.824         265
0.826         265
0.828         267
0.83         267
0.832         269
0.834         271
0.836         273
0.838         273
0.84         273
0.842         276
0.844         278
0.846         278
0.848         280
0.85         280
0.852         282
0.854         282
0.856         284
0.858         286
0.86         289
0.862         289
0.864         292
0.866         294
0.868         294
0.87         296
0.872         298
0.874         301
0.876         301
0.878         301
0.88         305
0.882         307
0.884         307
0.886         307
0.888         309
0.89         311
0.892         311
0.894         311
0.896         311
0.898         314
0.9         316
0.902         318
0.904         321
0.906         321
0.908         323
0.91         325
0.912         327
0.914         327
0.916         331
0.918         331
0.92         334
0.922         334
0.924         336
0.926         339
0.928         341
0.93         341
0.932         341
0.934         341
0.936         343
0.938         345
0.94         347
0.942         350
0.944         353
0.946         355
0.948         357
0.95         359
0.952         359
0.954         361
0.956         363
0.958         365
0.96         367
0.962         369
0.964         369
0.966         369
0.968         371
0.97         371
0.972         374
0.974         378
0.976         381
0.978         384
0.98         384
0.982         387
0.984         389
0.986         391
0.988         393
0.99         395
0.992         397
0.994         397
0.996         397
0.998         401
1         401
Load Factors: 
0.002
0.004
0.006
0.008
0.01
0.012
0.014
0.016
0.018
0.02
0.022
0.024
0.026
0.028
0.03
0.032
0.034
0.036
0.038
0.04
0.042
0.044
0.046
0.048
0.05
0.052
0.054
0.056
0.058
0.06
0.062
0.064
0.066
0.068
0.07
0.072
0.074
0.076
0.078
0.08
0.082
0.084
0.086
0.088
0.09
0.092
0.094
0.096
0.098
0.1
0.102
0.104
0.106
0.108
0.11
0.112
0.114
0.116
0.118
0.12
0.122
0.124
0.126
0.128
0.13
0.132
0.134
0.136
0.138
0.14
0.142
0.144
0.146
0.148
0.15
0.152
0.154
0.156
0.158
0.16
0.162
0.164
0.166
0.168
0.17
0.172
0.174
0.176
0.178
0.18
0.182
0.184
0.186
0.188
0.19
0.192
0.194
0.196
0.198
0.2
0.202
0.204
0.206
0.208
0.21
0.212
0.214
0.216
0.218
0.22
0.222
0.224
0.226
0.228
0.23
0.232
0.234
0.236
0.238
0.24
0.242
0.244
0.246
0.248
0.25
0.252
0.254
0.256
0.258
0.26
0.262
0.264
0.266
0.268
0.27
0.272
0.274
0.276
0.278
0.28
0.282
0.284
0.286
0.288
0.29
0.292
0.294
0.296
0.298
0.3
0.302
0.304
0.306
0.308
0.31
0.312
0.314
0.316
0.318
0.32
0.322
0.324
0.326
0.328
0.33
0.332
0.334
0.336
0.338
0.34
0.342
0.344
0.346
0.348
0.35
0.352
0.354
0.356
0.358
0.36
0.362
0.364
0.366
0.368
0.37
0.372
0.374
0.376
0.378
0.38
0.382
0.384
0.386
0.388
0.39
0.392
0.394
0.396
0.398
0.4
0.402
0.404
0.406
0.408
0.41
0.412
0.414
0.416
0.418
0.42
0.422
0.424
0.426
0.428
0.43
0.432
0.434
0.436
0.438
0.44
0.442
0.444
0.446
0.448
0.45
0.452
0.454
0.456
0.458
0.46
0.462
0.464
0.466
0.468
0.47
0.472
0.474
0.476
0.478
0.48
0.482
0.484
0.486
0.488
0.49
0.492
0.494
0.496
0.498
0.5
0.502
0.504
0.506
0.508
0.51
0.512
0.514
0.516
0.518
0.52
0.522
0.524
0.526
0.528
0.53
0.532
0.534
0.536
0.538
0.54
0.542
0.544
0.546
0.548
0.55
0.552
0.554
0.556
0.558
0.56
0.562
0.564
0.566
0.568
0.57
0.572
0.574
0.576
0.578
0.58
0.582
0.584
0.586
0.588
0.59
0.592
0.594
0.596
0.598
0.6
0.602
0.604
0.606
0.608
0.61
0.612
0.614
0.616
0.618
0.62
0.622
0.624
0.626
0.628
0.63
0.632
0.634
0.636
0.638
0.64
0.642
0.644
0.646
0.648
0.65
0.652
0.654
0.656
0.658
0.66
0.662
0.664
0.666
0.668
0.67
0.672
0.674
0.676
0.678
0.68
0.682
0.684
0.686
0.688
0.69
0.692
0.694
0.696
0.698
0.7
0.702
0.704
0.706
0.708
0.71
0.712
0.714
0.716
0.718
0.72
0.722
0.724
0.726
0.728
0.73
0.732
0.734
0.736
0.738
0.74
0.742
0.744
0.746
0.748
0.75
0.752
0.754
0.756
0.758
0.76
0.762
0.764
0.766
0.768
0.77
0.772
0.774
0.776
0.778
0.78
0.782
0.784
0.786
0.788
0.79
0.792
0.794
0.796
0.798
0.8
0.802
0.804
0.806
0.808
0.81
0.812
0.814
0.816
0.818
0.82
0.822
0.824
0.826
0.828
0.83
0.832
0.834
0.836
0.838
0.84
0.842
0.844
0.846
0.848
0.85
0.852
0.854
0.856
0.858
0.86
0.862
0.864
0.866
0.868
0.87
0.872
0.874
0.876
0.878
0.88
0.882
0.884
0.886
0.888
0.89
0.892
0.894
0.896
0.898
0.9
0.902
0.904
0.906
0.908
0.91
0.912
0.914
0.916
0.918
0.92
0.922
0.924
0.926
0.928
0.93
0.932
0.934
0.936
0.938
0.94
0.942
0.944
0.946
0.948
0.95
0.952
0.954
0.956
0.958
0.96
0.962
0.964
0.966
0.968
0.97
0.972
0.974
0.976
0.978
0.98
0.982
0.984
0.986
0.988
0.99
0.992
0.994
0.996
0.998
1
Num of Collisions: 
0
0
0
0
0
0
0
0
0
0
0
0
0
0
0
0
0
0
2
2
2
2
2
2
2
2
2
2
2
2
2
2
2
2
2
2
2
2
2
2
2
2
2
2
2
2
2
2
2
2
2
2
2
2
2
2
2
2
2
2
2
4
4
4
4
4
4
6
6
6
6
6
6
6
6
6
6
6
6
6
6
6
6
6
6
6
6
6
6
6
6
6
6
6
8
10
10
10
10
12
14
14
14
14
14
14
14
14
16
16
16
16
16
16
16
16
16
16
16
16
16
16
16
16
16
16
16
16
16
16
18
18
18
20
22
24
24
24
24
24
24
24
26
26
26
26
26
26
26
26
26
28
30
30
30
30
30
30
30
32
32
34
34
37
39
39
39
42
42
45
45
45
45
45
45
47
47
47
49
49
51
51
51
51
51
51
53
55
55
57
57
59
61
63
63
65
65
65
65
65
65
65
65
65
65
65
65
65
65
65
68
68
68
68
68
68
68
68
68
68
68
68
68
68
68
68
68
70
70
70
72
75
75
78
78
78
78
78
81
83
87
87
89
91
93
95
95
95
95
95
97
97
97
97
97
97
97
99
99
99
101
101
103
103
103
103
105
105
108
110
110
110
110
110
110
110
112
112
114
117
117
117
117
117
117
117
117
117
117
117
119
119
121
123
123
123
125
125
127
127
129
131
133
133
133
135
135
135
137
139
141
141
143
146
148
150
150
150
150
152
154
154
154
154
154
156
156
158
158
158
158
158
158
160
160
160
162
162
164
164
166
168
168
170
172
174
176
178
181
183
183
183
185
185
185
187
187
187
189
191
194
194
197
200
200
200
203
205
209
209
211
213
215
215
215
219
219
219
222
222
224
224
227
229
232
232
234
234
236
236
238
240
240
242
245
245
245
247
249
249
249
251
253
257
259
261
263
263
263
265
265
265
265
267
267
269
271
273
273
273
276
278
278
280
280
282
282
284
286
289
289
292
294
294
296
298
301
301
301
305
307
307
307
309
311
311
311
311
314
316
318
321
321
323
325
327
327
331
331
334
334
336
339
341
341
341
341
343
345
347
350
353
355
357
359
359
361
363
365
367
369
369
369
371
371
374
378
381
384
384
387
389
391
393
395
397
397
397
401
401
