Format:
(LoadFactor) (Number of Collisions)
Data (Table Size = 100):
0.01         0
0.02         0
0.03         0
0.04         0
0.05         0
0.06         0
0.07         0
0.08         0
0.09         0
0.1         0
0.11         0
0.12         2
0.13         4
0.14         4
0.15         4
0.16         6
0.17         9
0.18         12
0.19         14
0.2         14
0.21         14
0.22         14
0.23         14
0.24         14
0.25         14
0.26         16
0.27         16
0.28         16
0.29         19
0.3         23
0.31         23
0.32         23
0.33         25
0.34         25
0.35         25
0.36         25
0.37         27
0.38         29
0.39         34
0.4         34
0.41         36
0.42         36
0.43         39
0.44         39
0.45         42
0.46         44
0.47         46
0.48         50
0.49         53
0.5         53
0.51         57
0.52         57
0.53         60
0.54         60
0.55         60
0.56         64
0.57         64
0.58         67
0.59         71
0.6         76
0.61         78
0.62         84
0.63         86
0.64         88
0.65         88
0.66         88
0.67         90
0.68         94
0.69         97
0.7         97
0.71         97
0.72         97
0.73         100
0.74         102
0.75         106
0.76         111
0.77         113
0.78         113
0.79         115
0.8         117
0.81         120
0.82         122
0.83         122
0.84         124
0.85         124
0.86         127
0.87         129
0.88         131
0.89         136
0.9         138
0.91         140
0.92         142
0.93         142
0.94         145
0.95         145
0.96         150
0.97         155
0.98         155
0.99         159
1         165
Load Factors: 
0.01
0.02
0.03
0.04
0.05
0.06
0.07
0.08
0.09
0.1
0.11
0.12
0.13
0.14
0.15
0.16
0.17
0.18
0.19
0.2
0.21
0.22
0.23
0.24
0.25
0.26
0.27
0.28
0.29
0.3
0.31
0.32
0.33
0.34
0.35
0.36
0.37
0.38
0.39
0.4
0.41
0.42
0.43
0.44
0.45
0.46
0.47
0.48
0.49
0.5
0.51
0.52
0.53
0.54
0.55
0.56
0.57
0.58
0.59
0.6
0.61
0.62
0.63
0.64
0.65
0.66
0.67
0.68
0.69
0.7
0.71
0.72
0.73
0.74
0.75
0.76
0.77
0.78
0.79
0.8
0.81
0.82
0.83
0.84
0.85
0.86
0.87
0.88
0.89
0.9
0.91
0.92
0.93
0.94
0.95
0.96
0.97
0.98
0.99
1
Num of Collisions: 
0
0
0
0
0
0
0
0
0
0
0
2
4
4
4
6
9
12
14
14
14
14
14
14
14
16
16
16
19
23
23
23
25
25
25
25
27
29
34
34
36
36
39
39
42
44
46
50
53
53
57
57
60
60
60
64
64
67
71
76
78
84
86
88
88
88
90
94
97
97
97
97
100
102
106
111
113
113
115
117
120
122
122
124
124
127
129
131
136
138
140
142
142
145
145
150
155
155
159
165
Format:
(LoadFactor) (Number of Collisions)
Data (Table Size = 250):
0.004         0
0.008         0
0.012         0
0.016         0
0.02         0
0.024         0
0.028         0
0.032         0
0.036         0
0.04         0
0.044         0
0.048         0
0.052         0
0.056         0
0.06         0
0.064         0
0.068         2
0.072         2
0.076         4
0.08         4
0.084         4
0.088         4
0.092         4
0.096         4
0.1         4
0.104         4
0.108         4
0.112         4
0.116         7
0.12         11
0.124         11
0.128         11
0.132         11
0.136         11
0.14         11
0.144         11
0.148         11
0.152         11
0.156         11
0.16         11
0.164         13
0.168         13
0.172         15
0.176         15
0.18         15
0.184         15
0.188         17
0.192         19
0.196         19
0.2         19
0.204         19
0.208         19
0.212         21
0.216         21
0.22         21
0.224         21
0.228         21
0.232         23
0.236         23
0.24         23
0.244         23
0.248         23
0.252         23
0.256         23
0.26         25
0.264         25
0.268         25
0.272         27
0.276         27
0.28         27
0.284         29
0.288         29
0.292         31
0.296         33
0.3         33
0.304         33
0.308         33
0.312         33
0.316         33
0.32         33
0.324         33
0.328         35
0.332         35
0.336         37
0.34         39
0.344         41
0.348         41
0.352         41
0.356         41
0.36         41
0.364         41
0.368         41
0.372         43
0.376         43
0.38         43
0.384         46
0.388         48
0.392         50
0.396         50
0.4         53
0.404         55
0.408         55
0.412         55
0.416         55
0.42         58
0.424         58
0.428         58
0.432         58
0.436         61
0.44         61
0.444         63
0.448         65
0.452         65
0.456         65
0.46         65
0.464         65
0.468         67
0.472         67
0.476         67
0.48         67
0.484         67
0.488         69
0.492         69
0.496         71
0.5         76
0.504         78
0.508         78
0.512         78
0.516         80
0.52         80
0.524         82
0.528         82
0.532         82
0.536         84
0.54         86
0.544         88
0.548         88
0.552         90
0.556         90
0.56         90
0.564         90
0.568         92
0.572         92
0.576         92
0.58         94
0.584         94
0.588         96
0.592         96
0.596         98
0.6         98
0.604         101
0.608         101
0.612         101
0.616         101
0.62         101
0.624         101
0.628         101
0.632         101
0.636         103
0.64         105
0.644         108
0.648         108
0.652         108
0.656         111
0.66         113
0.664         113
0.668         116
0.672         116
0.676         119
0.68         122
0.684         125
0.688         125
0.692         128
0.696         130
0.7         130
0.704         130
0.708         133
0.712         137
0.716         139
0.72         139
0.724         142
0.728         142
0.732         142
0.736         142
0.74         145
0.744         145
0.748         147
0.752         147
0.756         147
0.76         149
0.764         151
0.768         153
0.772         155
0.776         158
0.78         160
0.784         162
0.788         162
0.792         162
0.796         162
0.8         164
0.804         164
0.808         164
0.812         167
0.816         167
0.82         171
0.824         171
0.828         171
0.832         173
0.836         175
0.84         175
0.844         175
0.848         175
0.852         178
0.856         180
0.86         184
0.864         187
0.868         190
0.872         194
0.876         194
0.88         196
0.884         200
0.888         202
0.892         204
0.896         206
0.9         208
0.904         210
0.908         210
0.912         210
0.916         212
0.92         212
0.924         215
0.928         218
0.932         218
0.936         222
0.94         222
0.944         224
0.948         226
0.952         226
0.956         230
0.96         232
0.964         234
0.968         236
0.972         240
0.976         243
0.98         243
0.984         246
0.988         249
0.992         251
0.996         251
1         251
Load Factors: 
0.004
0.008
0.012
0.016
0.02
0.024
0.028
0.032
0.036
0.04
0.044
0.048
0.052
0.056
0.06
0.064
0.068
0.072
0.076
0.08
0.084
0.088
0.092
0.096
0.1
0.104
0.108
0.112
0.116
0.12
0.124
0.128
0.132
0.136
0.14
0.144
0.148
0.152
0.156
0.16
0.164
0.168
0.172
0.176
0.18
0.184
0.188
0.192
0.196
0.2
0.204
0.208
0.212
0.216
0.22
0.224
0.228
0.232
0.236
0.24
0.244
0.248
0.252
0.256
0.26
0.264
0.268
0.272
0.276
0.28
0.284
0.288
0.292
0.296
0.3
0.304
0.308
0.312
0.316
0.32
0.324
0.328
0.332
0.336
0.34
0.344
0.348
0.352
0.356
0.36
0.364
0.368
0.372
0.376
0.38
0.384
0.388
0.392
0.396
0.4
0.404
0.408
0.412
0.416
0.42
0.424
0.428
0.432
0.436
0.44
0.444
0.448
0.452
0.456
0.46
0.464
0.468
0.472
0.476
0.48
0.484
0.488
0.492
0.496
0.5
0.504
0.508
0.512
0.516
0.52
0.524
0.528
0.532
0.536
0.54
0.544
0.548
0.552
0.556
0.56
0.564
0.568
0.572
0.576
0.58
0.584
0.588
0.592
0.596
0.6
0.604
0.608
0.612
0.616
0.62
0.624
0.628
0.632
0.636
0.64
0.644
0.648
0.652
0.656
0.66
0.664
0.668
0.672
0.676
0.68
0.684
0.688
0.692
0.696
0.7
0.704
0.708
0.712
0.716
0.72
0.724
0.728
0.732
0.736
0.74
0.744
0.748
0.752
0.756
0.76
0.764
0.768
0.772
0.776
0.78
0.784
0.788
0.792
0.796
0.8
0.804
0.808
0.812
0.816
0.82
0.824
0.828
0.832
0.836
0.84
0.844
0.848
0.852
0.856
0.86
0.864
0.868
0.872
0.876
0.88
0.884
0.888
0.892
0.896
0.9
0.904
0.908
0.912
0.916
0.92
0.924
0.928
0.932
0.936
0.94
0.944
0.948
0.952
0.956
0.96
0.964
0.968
0.972
0.976
0.98
0.984
0.988
0.992
0.996
1
Num of Collisions: 
0
0
0
0
0
0
0
0
0
0
0
0
0
0
0
0
2
2
4
4
4
4
4
4
4
4
4
4
7
11
11
11
11
11
11
11
11
11
11
11
13
13
15
15
15
15
17
19
19
19
19
19
21
21
21
21
21
23
23
23
23
23
23
23
25
25
25
27
27
27
29
29
31
33
33
33
33
33
33
33
33
35
35
37
39
41
41
41
41
41
41
41
43
43
43
46
48
50
50
53
55
55
55
55
58
58
58
58
61
61
63
65
65
65
65
65
67
67
67
67
67
69
69
71
76
78
78
78
80
80
82
82
82
84
86
88
88
90
90
90
90
92
92
92
94
94
96
96
98
98
101
101
101
101
101
101
101
101
103
105
108
108
108
111
113
113
116
116
119
122
125
125
128
130
130
130
133
137
139
139
142
142
142
142
145
145
147
147
147
149
151
153
155
158
160
162
162
162
162
164
164
164
167
167
171
171
171
173
175
175
175
175
178
180
184
187
190
194
194
196
200
202
204
206
208
210
210
210
212
212
215
218
218
222
222
224
226
226
230
232
234
236
240
243
243
246
249
251
251
251
Format:
(LoadFactor) (Number of Collisions)
Data (Table Size = 500):
0.002         0
0.004         0
0.006         0
0.008         0
0.01         0
0.012         0
0.014         0
0.016         0
0.018         0
0.02         0
0.022         0
0.024         0
0.026         0
0.028         0
0.03         0
0.032         0
0.034         2
0.036         2
0.038         4
0.04         4
0.042         4
0.044         4
0.046         4
0.048         4
0.05         4
0.052         4
0.054         4
0.056         4
0.058         6
0.06         8
0.062         8
0.064         8
0.066         8
0.068         10
0.07         12
0.072         12
0.074         12
0.076         12
0.078         12
0.08         12
0.082         12
0.084         12
0.086         12
0.088         12
0.09         12
0.092         12
0.094         12
0.096         12
0.098         12
0.1         12
0.102         12
0.104         12
0.106         12
0.108         12
0.11         12
0.112         14
0.114         14
0.116         16
0.118         16
0.12         16
0.122         16
0.124         16
0.126         18
0.128         18
0.13         18
0.132         20
0.134         22
0.136         24
0.138         24
0.14         24
0.142         24
0.144         27
0.146         30
0.148         32
0.15         32
0.152         32
0.154         32
0.156         32
0.158         32
0.16         32
0.162         32
0.164         32
0.166         32
0.168         32
0.17         32
0.172         32
0.174         32
0.176         32
0.178         32
0.18         32
0.182         32
0.184         32
0.186         32
0.188         32
0.19         32
0.192         35
0.194         37
0.196         39
0.198         39
0.2         41
0.202         43
0.204         43
0.206         43
0.208         45
0.21         45
0.212         47
0.214         47
0.216         47
0.218         47
0.22         47
0.222         50
0.224         53
0.226         53
0.228         53
0.23         56
0.232         58
0.234         58
0.236         58
0.238         58
0.24         58
0.242         58
0.244         62
0.246         65
0.248         65
0.25         69
0.252         69
0.254         69
0.256         69
0.258         69
0.26         69
0.262         71
0.264         74
0.266         74
0.268         76
0.27         78
0.272         82
0.274         82
0.276         84
0.278         86
0.28         86
0.282         86
0.284         86
0.286         86
0.288         86
0.29         91
0.292         93
0.294         93
0.296         95
0.298         95
0.3         97
0.302         97
0.304         99
0.306         101
0.308         106
0.31         108
0.312         110
0.314         110
0.316         110
0.318         112
0.32         118
0.322         123
0.324         123
0.326         125
0.328         127
0.33         129
0.332         129
0.334         131
0.336         133
0.338         135
0.34         139
0.342         141
0.344         143
0.346         145
0.348         148
0.35         148
0.352         148
0.354         148
0.356         148
0.358         148
0.36         148
0.362         150
0.364         150
0.366         150
0.368         150
0.37         153
0.372         155
0.374         157
0.376         157
0.378         159
0.38         161
0.382         161
0.384         161
0.386         161
0.388         161
0.39         161
0.392         163
0.394         169
0.396         171
0.398         171
0.4         173
0.402         175
0.404         175
0.406         178
0.408         178
0.41         181
0.412         183
0.414         183
0.416         183
0.418         183
0.42         183
0.422         183
0.424         183
0.426         183
0.428         186
0.43         186
0.432         188
0.434         191
0.436         195
0.438         195
0.44         195
0.442         195
0.444         195
0.446         195
0.448         195
0.45         195
0.452         197
0.454         199
0.456         203
0.458         207
0.46         207
0.462         210
0.464         212
0.466         212
0.468         216
0.47         218
0.472         220
0.474         220
0.476         220
0.478         224
0.48         226
0.482         231
0.484         233
0.486         240
0.488         242
0.49         245
0.492         248
0.494         250
0.496         250
0.498         250
0.5         250
0.502         255
0.504         255
0.506         257
0.508         264
0.51         264
0.512         264
0.514         264
0.516         266
0.518         266
0.52         266
0.522         266
0.524         269
0.526         271
0.528         271
0.53         275
0.532         278
0.534         281
0.536         281
0.538         281
0.54         284
0.542         284
0.544         284
0.546         284
0.548         286
0.55         286
0.552         288
0.554         292
0.556         300
0.558         300
0.56         302
0.562         302
0.564         302
0.566         302
0.568         302
0.57         302
0.572         302
0.574         306
0.576         309
0.578         311
0.58         315
0.582         315
0.584         317
0.586         317
0.588         320
0.59         322
0.592         322
0.594         325
0.596         325
0.598         327
0.6         331
0.602         333
0.604         336
0.606         338
0.608         340
0.61         342
0.612         346
0.614         346
0.616         351
0.618         355
0.62         355
0.622         357
0.624         359
0.626         362
0.628         364
0.63         364
0.632         367
0.634         370
0.636         370
0.638         370
0.64         374
0.642         380
0.644         382
0.646         384
0.648         386
0.65         386
0.652         391
0.654         391
0.656         393
0.658         393
0.66         396
0.662         398
0.664         402
0.666         408
0.668         410
0.67         413
0.672         420
0.674         422
0.676         422
0.678         424
0.68         424
0.682         424
0.684         428
0.686         431
0.688         431
0.69         433
0.692         433
0.694         438
0.696         446
0.698         448
0.7         450
0.702         450
0.704         453
0.706         455
0.708         457
0.71         461
0.712         461
0.714         461
0.716         464
0.718         464
0.72         464
0.722         469
0.724         474
0.726         476
0.728         479
0.73         479
0.732         481
0.734         481
0.736         483
0.738         486
0.74         489
0.742         491
0.744         500
0.746         509
0.748         511
0.75         513
0.752         513
0.754         513
0.756         518
0.758         524
0.76         527
0.762         530
0.764         537
0.766         541
0.768         543
0.77         549
0.772         551
0.774         551
0.776         551
0.778         554
0.78         554
0.782         556
0.784         559
0.786         559
0.788         562
0.79         562
0.792         568
0.794         568
0.796         570
0.798         574
0.8         574
0.802         574
0.804         581
0.806         583
0.808         587
0.81         589
0.812         595
0.814         603
0.816         605
0.818         607
0.82         610
0.822         610
0.824         612
0.826         612
0.828         614
0.83         614
0.832         616
0.834         618
0.836         618
0.838         621
0.84         621
0.842         623
0.844         626
0.846         631
0.848         631
0.85         635
0.852         638
0.854         638
0.856         643
0.858         647
0.86         650
0.862         660
0.864         665
0.866         667
0.868         670
0.87         673
0.872         675
0.874         683
0.876         692
0.878         699
0.88         699
0.882         701
0.884         705
0.886         707
0.888         709
0.89         717
0.892         723
0.894         728
0.896         730
0.898         740
0.9         743
0.902         743
0.904         748
0.906         748
0.908         751
0.91         754
0.912         756
0.914         758
0.916         762
0.918         766
0.92         769
0.922         769
0.924         771
0.926         776
0.928         778
0.93         781
0.932         783
0.934         788
0.936         790
0.938         796
0.94         799
0.942         810
0.944         810
0.946         820
0.948         825
0.95         828
0.952         830
0.954         832
0.956         836
0.958         839
0.96         842
0.962         847
0.964         849
0.966         856
0.968         859
0.97         861
0.972         864
0.974         867
0.976         871
0.978         874
0.98         874
0.982         877
0.984         880
0.986         884
0.988         890
0.99         890
0.992         890
0.994         892
0.996         894
0.998         905
1         911
Load Factors: 
0.002
0.004
0.006
0.008
0.01
0.012
0.014
0.016
0.018
0.02
0.022
0.024
0.026
0.028
0.03
0.032
0.034
0.036
0.038
0.04
0.042
0.044
0.046
0.048
0.05
0.052
0.054
0.056
0.058
0.06
0.062
0.064
0.066
0.068
0.07
0.072
0.074
0.076
0.078
0.08
0.082
0.084
0.086
0.088
0.09
0.092
0.094
0.096
0.098
0.1
0.102
0.104
0.106
0.108
0.11
0.112
0.114
0.116
0.118
0.12
0.122
0.124
0.126
0.128
0.13
0.132
0.134
0.136
0.138
0.14
0.142
0.144
0.146
0.148
0.15
0.152
0.154
0.156
0.158
0.16
0.162
0.164
0.166
0.168
0.17
0.172
0.174
0.176
0.178
0.18
0.182
0.184
0.186
0.188
0.19
0.192
0.194
0.196
0.198
0.2
0.202
0.204
0.206
0.208
0.21
0.212
0.214
0.216
0.218
0.22
0.222
0.224
0.226
0.228
0.23
0.232
0.234
0.236
0.238
0.24
0.242
0.244
0.246
0.248
0.25
0.252
0.254
0.256
0.258
0.26
0.262
0.264
0.266
0.268
0.27
0.272
0.274
0.276
0.278
0.28
0.282
0.284
0.286
0.288
0.29
0.292
0.294
0.296
0.298
0.3
0.302
0.304
0.306
0.308
0.31
0.312
0.314
0.316
0.318
0.32
0.322
0.324
0.326
0.328
0.33
0.332
0.334
0.336
0.338
0.34
0.342
0.344
0.346
0.348
0.35
0.352
0.354
0.356
0.358
0.36
0.362
0.364
0.366
0.368
0.37
0.372
0.374
0.376
0.378
0.38
0.382
0.384
0.386
0.388
0.39
0.392
0.394
0.396
0.398
0.4
0.402
0.404
0.406
0.408
0.41
0.412
0.414
0.416
0.418
0.42
0.422
0.424
0.426
0.428
0.43
0.432
0.434
0.436
0.438
0.44
0.442
0.444
0.446
0.448
0.45
0.452
0.454
0.456
0.458
0.46
0.462
0.464
0.466
0.468
0.47
0.472
0.474
0.476
0.478
0.48
0.482
0.484
0.486
0.488
0.49
0.492
0.494
0.496
0.498
0.5
0.502
0.504
0.506
0.508
0.51
0.512
0.514
0.516
0.518
0.52
0.522
0.524
0.526
0.528
0.53
0.532
0.534
0.536
0.538
0.54
0.542
0.544
0.546
0.548
0.55
0.552
0.554
0.556
0.558
0.56
0.562
0.564
0.566
0.568
0.57
0.572
0.574
0.576
0.578
0.58
0.582
0.584
0.586
0.588
0.59
0.592
0.594
0.596
0.598
0.6
0.602
0.604
0.606
0.608
0.61
0.612
0.614
0.616
0.618
0.62
0.622
0.624
0.626
0.628
0.63
0.632
0.634
0.636
0.638
0.64
0.642
0.644
0.646
0.648
0.65
0.652
0.654
0.656
0.658
0.66
0.662
0.664
0.666
0.668
0.67
0.672
0.674
0.676
0.678
0.68
0.682
0.684
0.686
0.688
0.69
0.692
0.694
0.696
0.698
0.7
0.702
0.704
0.706
0.708
0.71
0.712
0.714
0.716
0.718
0.72
0.722
0.724
0.726
0.728
0.73
0.732
0.734
0.736
0.738
0.74
0.742
0.744
0.746
0.748
0.75
0.752
0.754
0.756
0.758
0.76
0.762
0.764
0.766
0.768
0.77
0.772
0.774
0.776
0.778
0.78
0.782
0.784
0.786
0.788
0.79
0.792
0.794
0.796
0.798
0.8
0.802
0.804
0.806
0.808
0.81
0.812
0.814
0.816
0.818
0.82
0.822
0.824
0.826
0.828
0.83
0.832
0.834
0.836
0.838
0.84
0.842
0.844
0.846
0.848
0.85
0.852
0.854
0.856
0.858
0.86
0.862
0.864
0.866
0.868
0.87
0.872
0.874
0.876
0.878
0.88
0.882
0.884
0.886
0.888
0.89
0.892
0.894
0.896
0.898
0.9
0.902
0.904
0.906
0.908
0.91
0.912
0.914
0.916
0.918
0.92
0.922
0.924
0.926
0.928
0.93
0.932
0.934
0.936
0.938
0.94
0.942
0.944
0.946
0.948
0.95
0.952
0.954
0.956
0.958
0.96
0.962
0.964
0.966
0.968
0.97
0.972
0.974
0.976
0.978
0.98
0.982
0.984
0.986
0.988
0.99
0.992
0.994
0.996
0.998
1
Num of Collisions: 
0
0
0
0
0
0
0
0
0
0
0
0
0
0
0
0
2
2
4
4
4
4
4
4
4
4
4
4
6
8
8
8
8
10
12
12
12
12
12
12
12
12
12
12
12
12
12
12
12
12
12
12
12
12
12
14
14
16
16
16
16
16
18
18
18
20
22
24
24
24
24
27
30
32
32
32
32
32
32
32
32
32
32
32
32
32
32
32
32
32
32
32
32
32
32
35
37
39
39
41
43
43
43
45
45
47
47
47
47
47
50
53
53
53
56
58
58
58
58
58
58
62
65
65
69
69
69
69
69
69
71
74
74
76
78
82
82
84
86
86
86
86
86
86
91
93
93
95
95
97
97
99
101
106
108
110
110
110
112
118
123
123
125
127
129
129
131
133
135
139
141
143
145
148
148
148
148
148
148
148
150
150
150
150
153
155
157
157
159
161
161
161
161
161
161
163
169
171
171
173
175
175
178
178
181
183
183
183
183
183
183
183
183
186
186
188
191
195
195
195
195
195
195
195
195
197
199
203
207
207
210
212
212
216
218
220
220
220
224
226
231
233
240
242
245
248
250
250
250
250
255
255
257
264
264
264
264
266
266
266
266
269
271
271
275
278
281
281
281
284
284
284
284
286
286
288
292
300
300
302
302
302
302
302
302
302
306
309
311
315
315
317
317
320
322
322
325
325
327
331
333
336
338
340
342
346
346
351
355
355
357
359
362
364
364
367
370
370
370
374
380
382
384
386
386
391
391
393
393
396
398
402
408
410
413
420
422
422
424
424
424
428
431
431
433
433
438
446
448
450
450
453
455
457
461
461
461
464
464
464
469
474
476
479
479
481
481
483
486
489
491
500
509
511
513
513
513
518
524
527
530
537
541
543
549
551
551
551
554
554
556
559
559
562
562
568
568
570
574
574
574
581
583
587
589
595
603
605
607
610
610
612
612
614
614
616
618
618
621
621
623
626
631
631
635
638
638
643
647
650
660
665
667
670
673
675
683
692
699
699
701
705
707
709
717
723
728
730
740
743
743
748
748
751
754
756
758
762
766
769
769
771
776
778
781
783
788
790
796
799
810
810
820
825
828
830
832
836
839
842
847
849
856
859
861
864
867
871
874
874
877
880
884
890
890
890
892
894
905
911
