Format:
(LoadFactor) (Number of Collisions)
Data (Table Size = 100):
0.01         0
0.02         0
0.03         0
0.04         0
0.05         0
0.06         0
0.07         0
0.08         0
0.09         0
0.1         0
0.11         0
0.12         1
0.13         2
0.14         2
0.15         2
0.16         3
0.17         5
0.18         8
0.19         9
0.2         9
0.21         9
0.22         9
0.23         9
0.24         9
0.25         9
0.26         12
0.27         12
0.28         12
0.29         16
0.3         19
0.31         19
0.32         19
0.33         20
0.34         20
0.35         20
0.36         20
0.37         21
0.38         23
0.39         27
0.4         30
0.41         31
0.42         31
0.43         34
0.44         37
0.45         41
0.46         44
0.47         46
0.48         52
0.49         54
0.5         55
0.51         59
0.52         64
0.53         67
0.54         70
0.55         73
0.56         79
0.57         79
0.58         83
0.59         88
0.6         95
0.61         100
0.62         107
0.63         109
0.64         110
0.65         114
0.66         117
0.67         118
0.68         123
0.69         130
0.7         130
0.71         130
0.72         130
0.73         133
0.74         136
0.75         149
0.76         163
0.77         169
0.78         169
0.79         179
0.8         183
0.81         187
0.82         190
0.83         192
0.84         195
0.85         195
0.86         208
0.87         212
0.88         247
0.89         285
0.9         306
0.91         307
0.92         312
0.93         332
0.94         343
0.95         349
0.96         368
0.97         383
0.98         432
0.99         497
1         556
Load Factors: 
0.01
0.02
0.03
0.04
0.05
0.06
0.07
0.08
0.09
0.1
0.11
0.12
0.13
0.14
0.15
0.16
0.17
0.18
0.19
0.2
0.21
0.22
0.23
0.24
0.25
0.26
0.27
0.28
0.29
0.3
0.31
0.32
0.33
0.34
0.35
0.36
0.37
0.38
0.39
0.4
0.41
0.42
0.43
0.44
0.45
0.46
0.47
0.48
0.49
0.5
0.51
0.52
0.53
0.54
0.55
0.56
0.57
0.58
0.59
0.6
0.61
0.62
0.63
0.64
0.65
0.66
0.67
0.68
0.69
0.7
0.71
0.72
0.73
0.74
0.75
0.76
0.77
0.78
0.79
0.8
0.81
0.82
0.83
0.84
0.85
0.86
0.87
0.88
0.89
0.9
0.91
0.92
0.93
0.94
0.95
0.96
0.97
0.98
0.99
1
Num of Collisions: 
0
0
0
0
0
0
0
0
0
0
0
1
2
2
2
3
5
8
9
9
9
9
9
9
9
12
12
12
16
19
19
19
20
20
20
20
21
23
27
30
31
31
34
37
41
44
46
52
54
55
59
64
67
70
73
79
79
83
88
95
100
107
109
110
114
117
118
123
130
130
130
130
133
136
149
163
169
169
179
183
187
190
192
195
195
208
212
247
285
306
307
312
332
343
349
368
383
432
497
556
Format:
(LoadFactor) (Number of Collisions)
Data (Table Size = 250):
0.004         0
0.008         0
0.012         0
0.016         0
0.02         0
0.024         0
0.028         0
0.032         0
0.036         0
0.04         0
0.044         0
0.048         0
0.052         0
0.056         0
0.06         0
0.064         0
0.068         1
0.072         1
0.076         2
0.08         2
0.084         2
0.088         2
0.092         2
0.096         2
0.1         2
0.104         2
0.108         2
0.112         2
0.116         4
0.12         7
0.124         7
0.128         7
0.132         7
0.136         7
0.14         7
0.144         7
0.148         7
0.152         7
0.156         7
0.16         7
0.164         8
0.168         8
0.172         9
0.176         9
0.18         9
0.184         9
0.188         14
0.192         15
0.196         15
0.2         15
0.204         15
0.208         15
0.212         16
0.216         16
0.22         16
0.224         16
0.228         16
0.232         17
0.236         17
0.24         17
0.244         17
0.248         17
0.252         17
0.256         17
0.26         18
0.264         18
0.268         18
0.272         19
0.276         19
0.28         19
0.284         20
0.288         20
0.292         21
0.296         22
0.3         22
0.304         23
0.308         23
0.312         24
0.316         24
0.32         24
0.324         24
0.328         25
0.332         25
0.336         26
0.34         28
0.344         29
0.348         29
0.352         29
0.356         29
0.36         29
0.364         29
0.368         29
0.372         30
0.376         30
0.38         30
0.384         33
0.388         34
0.392         35
0.396         37
0.4         40
0.404         47
0.408         47
0.412         47
0.416         47
0.42         51
0.424         51
0.428         51
0.432         53
0.436         56
0.44         56
0.444         58
0.448         59
0.452         59
0.456         59
0.46         59
0.464         59
0.468         63
0.472         63
0.476         63
0.48         63
0.484         63
0.488         64
0.492         64
0.496         65
0.5         71
0.504         77
0.508         77
0.512         77
0.516         78
0.52         78
0.524         80
0.528         80
0.532         80
0.536         81
0.54         82
0.544         86
0.548         86
0.552         88
0.556         90
0.56         90
0.564         90
0.568         91
0.572         102
0.576         105
0.58         115
0.584         123
0.588         125
0.592         130
0.596         134
0.6         134
0.604         137
0.608         137
0.612         138
0.616         140
0.62         144
0.624         144
0.628         144
0.632         146
0.636         147
0.64         148
0.644         152
0.648         154
0.652         154
0.656         156
0.66         157
0.664         158
0.668         162
0.672         169
0.676         171
0.68         187
0.684         192
0.688         192
0.692         195
0.696         197
0.7         198
0.704         204
0.708         206
0.712         209
0.716         211
0.72         211
0.724         217
0.728         217
0.732         219
0.736         219
0.74         225
0.744         230
0.748         232
0.752         232
0.756         233
0.76         234
0.764         239
0.768         245
0.772         246
0.776         299
0.78         301
0.784         305
0.788         350
0.792         350
0.796         350
0.8         355
0.804         418
0.808         418
0.812         424
0.816         477
0.82         559
0.824         563
0.828         595
0.832         601
0.836         602
0.84         602
0.844         603
0.848         603
0.852         621
0.856         634
0.86         701
0.864         703
0.868         705
0.872         714
0.876         815
0.88         917
0.884         930
0.888         938
0.892         959
0.896         964
0.9         972
0.904         979
0.908         979
0.912         1033
0.916         1093
0.92         1195
0.924         1234
0.928         1323
0.932         1323
0.936         1367
0.94         1404
0.944         1504
0.948         1586
0.952         1690
0.956         1715
0.96         1740
0.964         1742
0.968         1791
0.972         1852
0.976         1907
0.98         1911
0.984         1922
0.988         1970
0.992         2188
0.996         2365
1         2610
Load Factors: 
0.004
0.008
0.012
0.016
0.02
0.024
0.028
0.032
0.036
0.04
0.044
0.048
0.052
0.056
0.06
0.064
0.068
0.072
0.076
0.08
0.084
0.088
0.092
0.096
0.1
0.104
0.108
0.112
0.116
0.12
0.124
0.128
0.132
0.136
0.14
0.144
0.148
0.152
0.156
0.16
0.164
0.168
0.172
0.176
0.18
0.184
0.188
0.192
0.196
0.2
0.204
0.208
0.212
0.216
0.22
0.224
0.228
0.232
0.236
0.24
0.244
0.248
0.252
0.256
0.26
0.264
0.268
0.272
0.276
0.28
0.284
0.288
0.292
0.296
0.3
0.304
0.308
0.312
0.316
0.32
0.324
0.328
0.332
0.336
0.34
0.344
0.348
0.352
0.356
0.36
0.364
0.368
0.372
0.376
0.38
0.384
0.388
0.392
0.396
0.4
0.404
0.408
0.412
0.416
0.42
0.424
0.428
0.432
0.436
0.44
0.444
0.448
0.452
0.456
0.46
0.464
0.468
0.472
0.476
0.48
0.484
0.488
0.492
0.496
0.5
0.504
0.508
0.512
0.516
0.52
0.524
0.528
0.532
0.536
0.54
0.544
0.548
0.552
0.556
0.56
0.564
0.568
0.572
0.576
0.58
0.584
0.588
0.592
0.596
0.6
0.604
0.608
0.612
0.616
0.62
0.624
0.628
0.632
0.636
0.64
0.644
0.648
0.652
0.656
0.66
0.664
0.668
0.672
0.676
0.68
0.684
0.688
0.692
0.696
0.7
0.704
0.708
0.712
0.716
0.72
0.724
0.728
0.732
0.736
0.74
0.744
0.748
0.752
0.756
0.76
0.764
0.768
0.772
0.776
0.78
0.784
0.788
0.792
0.796
0.8
0.804
0.808
0.812
0.816
0.82
0.824
0.828
0.832
0.836
0.84
0.844
0.848
0.852
0.856
0.86
0.864
0.868
0.872
0.876
0.88
0.884
0.888
0.892
0.896
0.9
0.904
0.908
0.912
0.916
0.92
0.924
0.928
0.932
0.936
0.94
0.944
0.948
0.952
0.956
0.96
0.964
0.968
0.972
0.976
0.98
0.984
0.988
0.992
0.996
1
Num of Collisions: 
0
0
0
0
0
0
0
0
0
0
0
0
0
0
0
0
1
1
2
2
2
2
2
2
2
2
2
2
4
7
7
7
7
7
7
7
7
7
7
7
8
8
9
9
9
9
14
15
15
15
15
15
16
16
16
16
16
17
17
17
17
17
17
17
18
18
18
19
19
19
20
20
21
22
22
23
23
24
24
24
24
25
25
26
28
29
29
29
29
29
29
29
30
30
30
33
34
35
37
40
47
47
47
47
51
51
51
53
56
56
58
59
59
59
59
59
63
63
63
63
63
64
64
65
71
77
77
77
78
78
80
80
80
81
82
86
86
88
90
90
90
91
102
105
115
123
125
130
134
134
137
137
138
140
144
144
144
146
147
148
152
154
154
156
157
158
162
169
171
187
192
192
195
197
198
204
206
209
211
211
217
217
219
219
225
230
232
232
233
234
239
245
246
299
301
305
350
350
350
355
418
418
424
477
559
563
595
601
602
602
603
603
621
634
701
703
705
714
815
917
930
938
959
964
972
979
979
1033
1093
1195
1234
1323
1323
1367
1404
1504
1586
1690
1715
1740
1742
1791
1852
1907
1911
1922
1970
2188
2365
2610
Format:
(LoadFactor) (Number of Collisions)
Data (Table Size = 500):
0.002         0
0.004         0
0.006         0
0.008         0
0.01         0
0.012         0
0.014         0
0.016         0
0.018         0
0.02         0
0.022         0
0.024         0
0.026         0
0.028         0
0.03         0
0.032         0
0.034         1
0.036         1
0.038         2
0.04         2
0.042         2
0.044         2
0.046         2
0.048         2
0.05         2
0.052         2
0.054         2
0.056         2
0.058         3
0.06         4
0.062         4
0.064         4
0.066         4
0.068         5
0.07         6
0.072         6
0.074         6
0.076         6
0.078         6
0.08         6
0.082         6
0.084         6
0.086         6
0.088         6
0.09         6
0.092         6
0.094         6
0.096         6
0.098         6
0.1         6
0.102         6
0.104         6
0.106         6
0.108         6
0.11         6
0.112         7
0.114         7
0.116         8
0.118         8
0.12         8
0.122         8
0.124         8
0.126         9
0.128         9
0.13         9
0.132         10
0.134         11
0.136         12
0.138         12
0.14         12
0.142         12
0.144         14
0.146         16
0.148         17
0.15         17
0.152         17
0.154         18
0.156         18
0.158         18
0.16         18
0.162         18
0.164         18
0.166         18
0.168         18
0.17         18
0.172         18
0.174         18
0.176         18
0.178         18
0.18         18
0.182         18
0.184         18
0.186         18
0.188         18
0.19         19
0.192         21
0.194         22
0.196         23
0.198         25
0.2         26
0.202         28
0.204         28
0.206         28
0.208         29
0.21         29
0.212         30
0.214         32
0.216         32
0.218         33
0.22         33
0.222         35
0.224         40
0.226         40
0.228         40
0.23         42
0.232         43
0.234         45
0.236         45
0.238         45
0.24         45
0.242         45
0.244         48
0.246         51
0.248         51
0.25         57
0.252         57
0.254         57
0.256         57
0.258         57
0.26         57
0.262         58
0.264         60
0.266         60
0.268         61
0.27         62
0.272         65
0.274         67
0.276         68
0.278         72
0.28         72
0.282         72
0.284         72
0.286         72
0.288         72
0.29         80
0.292         81
0.294         81
0.296         82
0.298         82
0.3         83
0.302         83
0.304         84
0.306         97
0.308         101
0.31         102
0.312         103
0.314         103
0.316         103
0.318         104
0.32         120
0.322         134
0.324         134
0.326         135
0.328         137
0.33         138
0.332         139
0.334         140
0.336         141
0.338         142
0.34         145
0.342         146
0.344         153
0.346         156
0.348         158
0.35         158
0.352         158
0.354         158
0.356         158
0.358         158
0.36         158
0.362         159
0.364         159
0.366         159
0.368         159
0.37         164
0.372         165
0.374         167
0.376         167
0.378         178
0.38         179
0.382         179
0.384         179
0.386         179
0.388         179
0.39         179
0.392         181
0.394         198
0.396         199
0.398         200
0.4         209
0.402         210
0.404         213
0.406         218
0.408         218
0.41         223
0.412         224
0.414         224
0.416         224
0.418         224
0.42         224
0.422         224
0.424         224
0.426         224
0.428         226
0.43         226
0.432         228
0.434         231
0.436         237
0.438         239
0.44         239
0.442         239
0.444         239
0.446         239
0.448         240
0.45         240
0.452         241
0.454         242
0.456         246
0.458         249
0.46         249
0.462         252
0.464         253
0.466         253
0.468         257
0.47         260
0.472         263
0.474         263
0.476         263
0.478         269
0.48         270
0.482         277
0.484         306
0.486         329
0.488         330
0.49         332
0.492         335
0.494         338
0.496         338
0.498         338
0.5         338
0.502         345
0.504         350
0.506         359
0.508         393
0.51         393
0.512         393
0.514         394
0.516         398
0.518         398
0.52         400
0.522         400
0.524         420
0.526         421
0.528         421
0.53         444
0.532         446
0.534         448
0.536         448
0.538         448
0.54         453
0.542         458
0.544         458
0.546         458
0.548         459
0.55         459
0.552         460
0.554         469
0.556         501
0.558         547
0.56         548
0.562         556
0.564         556
0.566         556
0.568         557
0.57         558
0.572         559
0.574         608
0.576         612
0.578         613
0.58         618
0.582         618
0.584         623
0.586         625
0.588         671
0.59         696
0.592         696
0.594         699
0.596         699
0.598         703
0.6         709
0.602         712
0.604         719
0.606         720
0.608         723
0.61         724
0.612         729
0.614         739
0.616         743
0.618         747
0.62         747
0.622         749
0.624         750
0.626         755
0.628         756
0.63         756
0.632         762
0.634         765
0.636         779
0.638         781
0.64         790
0.642         797
0.644         818
0.646         843
0.648         844
0.65         844
0.652         851
0.654         882
0.656         886
0.658         886
0.66         889
0.662         894
0.664         901
0.666         910
0.668         913
0.67         922
0.672         930
0.674         940
0.676         944
0.678         945
0.68         945
0.682         945
0.684         966
0.686         996
0.688         996
0.69         997
0.692         997
0.694         1007
0.696         1063
0.698         1064
0.7         1070
0.702         1074
0.704         1078
0.706         1081
0.708         1107
0.71         1112
0.712         1112
0.714         1127
0.716         1130
0.718         1130
0.72         1137
0.722         1144
0.724         1149
0.726         1156
0.728         1159
0.73         1192
0.732         1196
0.734         1201
0.736         1202
0.738         1214
0.74         1218
0.742         1219
0.744         1275
0.746         1341
0.748         1386
0.75         1389
0.752         1405
0.754         1406
0.756         1419
0.758         1431
0.76         1465
0.762         1471
0.764         1482
0.766         1485
0.768         1499
0.77         1538
0.772         1539
0.774         1542
0.776         1546
0.778         1555
0.78         1576
0.782         1581
0.784         1590
0.786         1590
0.788         1596
0.79         1634
0.792         1672
0.794         1672
0.796         1673
0.798         1710
0.8         1713
0.802         1736
0.804         1778
0.806         1787
0.808         1849
0.81         1850
0.812         1861
0.814         1870
0.816         1911
0.818         1958
0.82         2036
0.822         2036
0.824         2038
0.826         2039
0.828         2042
0.83         2042
0.832         2043
0.834         2044
0.836         2044
0.838         2056
0.84         2056
0.842         2100
0.844         2106
0.846         2150
0.848         2150
0.85         2159
0.852         2164
0.854         2251
0.856         2327
0.858         2335
0.86         2339
0.862         2424
0.864         2523
0.866         2559
0.868         2562
0.87         2660
0.872         2746
0.874         2805
0.876         2867
0.878         2881
0.88         2884
0.882         2994
0.884         2998
0.886         2999
0.888         3007
0.89         3023
0.892         3050
0.894         3055
0.896         3058
0.898         3231
0.9         3236
0.902         3240
0.904         3261
0.906         3268
0.908         3272
0.91         3342
0.912         3343
0.914         3367
0.916         3416
0.918         3419
0.92         3532
0.922         3577
0.924         3650
0.926         3806
0.928         3823
0.93         3909
0.932         3968
0.934         4075
0.936         4086
0.938         4095
0.94         4110
0.942         4307
0.944         4441
0.946         4543
0.948         4745
0.95         4747
0.952         4773
0.954         4774
0.956         4845
0.958         4876
0.96         4910
0.962         5065
0.964         5074
0.966         5193
0.968         5280
0.97         5284
0.972         5434
0.974         5629
0.976         6012
0.978         6084
0.98         6120
0.982         6439
0.984         6825
0.986         7062
0.988         7320
0.99         7368
0.992         7437
0.994         7519
0.996         7733
0.998         8228
1         8399
Load Factors: 
0.002
0.004
0.006
0.008
0.01
0.012
0.014
0.016
0.018
0.02
0.022
0.024
0.026
0.028
0.03
0.032
0.034
0.036
0.038
0.04
0.042
0.044
0.046
0.048
0.05
0.052
0.054
0.056
0.058
0.06
0.062
0.064
0.066
0.068
0.07
0.072
0.074
0.076
0.078
0.08
0.082
0.084
0.086
0.088
0.09
0.092
0.094
0.096
0.098
0.1
0.102
0.104
0.106
0.108
0.11
0.112
0.114
0.116
0.118
0.12
0.122
0.124
0.126
0.128
0.13
0.132
0.134
0.136
0.138
0.14
0.142
0.144
0.146
0.148
0.15
0.152
0.154
0.156
0.158
0.16
0.162
0.164
0.166
0.168
0.17
0.172
0.174
0.176
0.178
0.18
0.182
0.184
0.186
0.188
0.19
0.192
0.194
0.196
0.198
0.2
0.202
0.204
0.206
0.208
0.21
0.212
0.214
0.216
0.218
0.22
0.222
0.224
0.226
0.228
0.23
0.232
0.234
0.236
0.238
0.24
0.242
0.244
0.246
0.248
0.25
0.252
0.254
0.256
0.258
0.26
0.262
0.264
0.266
0.268
0.27
0.272
0.274
0.276
0.278
0.28
0.282
0.284
0.286
0.288
0.29
0.292
0.294
0.296
0.298
0.3
0.302
0.304
0.306
0.308
0.31
0.312
0.314
0.316
0.318
0.32
0.322
0.324
0.326
0.328
0.33
0.332
0.334
0.336
0.338
0.34
0.342
0.344
0.346
0.348
0.35
0.352
0.354
0.356
0.358
0.36
0.362
0.364
0.366
0.368
0.37
0.372
0.374
0.376
0.378
0.38
0.382
0.384
0.386
0.388
0.39
0.392
0.394
0.396
0.398
0.4
0.402
0.404
0.406
0.408
0.41
0.412
0.414
0.416
0.418
0.42
0.422
0.424
0.426
0.428
0.43
0.432
0.434
0.436
0.438
0.44
0.442
0.444
0.446
0.448
0.45
0.452
0.454
0.456
0.458
0.46
0.462
0.464
0.466
0.468
0.47
0.472
0.474
0.476
0.478
0.48
0.482
0.484
0.486
0.488
0.49
0.492
0.494
0.496
0.498
0.5
0.502
0.504
0.506
0.508
0.51
0.512
0.514
0.516
0.518
0.52
0.522
0.524
0.526
0.528
0.53
0.532
0.534
0.536
0.538
0.54
0.542
0.544
0.546
0.548
0.55
0.552
0.554
0.556
0.558
0.56
0.562
0.564
0.566
0.568
0.57
0.572
0.574
0.576
0.578
0.58
0.582
0.584
0.586
0.588
0.59
0.592
0.594
0.596
0.598
0.6
0.602
0.604
0.606
0.608
0.61
0.612
0.614
0.616
0.618
0.62
0.622
0.624
0.626
0.628
0.63
0.632
0.634
0.636
0.638
0.64
0.642
0.644
0.646
0.648
0.65
0.652
0.654
0.656
0.658
0.66
0.662
0.664
0.666
0.668
0.67
0.672
0.674
0.676
0.678
0.68
0.682
0.684
0.686
0.688
0.69
0.692
0.694
0.696
0.698
0.7
0.702
0.704
0.706
0.708
0.71
0.712
0.714
0.716
0.718
0.72
0.722
0.724
0.726
0.728
0.73
0.732
0.734
0.736
0.738
0.74
0.742
0.744
0.746
0.748
0.75
0.752
0.754
0.756
0.758
0.76
0.762
0.764
0.766
0.768
0.77
0.772
0.774
0.776
0.778
0.78
0.782
0.784
0.786
0.788
0.79
0.792
0.794
0.796
0.798
0.8
0.802
0.804
0.806
0.808
0.81
0.812
0.814
0.816
0.818
0.82
0.822
0.824
0.826
0.828
0.83
0.832
0.834
0.836
0.838
0.84
0.842
0.844
0.846
0.848
0.85
0.852
0.854
0.856
0.858
0.86
0.862
0.864
0.866
0.868
0.87
0.872
0.874
0.876
0.878
0.88
0.882
0.884
0.886
0.888
0.89
0.892
0.894
0.896
0.898
0.9
0.902
0.904
0.906
0.908
0.91
0.912
0.914
0.916
0.918
0.92
0.922
0.924
0.926
0.928
0.93
0.932
0.934
0.936
0.938
0.94
0.942
0.944
0.946
0.948
0.95
0.952
0.954
0.956
0.958
0.96
0.962
0.964
0.966
0.968
0.97
0.972
0.974
0.976
0.978
0.98
0.982
0.984
0.986
0.988
0.99
0.992
0.994
0.996
0.998
1
Num of Collisions: 
0
0
0
0
0
0
0
0
0
0
0
0
0
0
0
0
1
1
2
2
2
2
2
2
2
2
2
2
3
4
4
4
4
5
6
6
6
6
6
6
6
6
6
6
6
6
6
6
6
6
6
6
6
6
6
7
7
8
8
8
8
8
9
9
9
10
11
12
12
12
12
14
16
17
17
17
18
18
18
18
18
18
18
18
18
18
18
18
18
18
18
18
18
18
19
21
22
23
25
26
28
28
28
29
29
30
32
32
33
33
35
40
40
40
42
43
45
45
45
45
45
48
51
51
57
57
57
57
57
57
58
60
60
61
62
65
67
68
72
72
72
72
72
72
80
81
81
82
82
83
83
84
97
101
102
103
103
103
104
120
134
134
135
137
138
139
140
141
142
145
146
153
156
158
158
158
158
158
158
158
159
159
159
159
164
165
167
167
178
179
179
179
179
179
179
181
198
199
200
209
210
213
218
218
223
224
224
224
224
224
224
224
224
226
226
228
231
237
239
239
239
239
239
240
240
241
242
246
249
249
252
253
253
257
260
263
263
263
269
270
277
306
329
330
332
335
338
338
338
338
345
350
359
393
393
393
394
398
398
400
400
420
421
421
444
446
448
448
448
453
458
458
458
459
459
460
469
501
547
548
556
556
556
557
558
559
608
612
613
618
618
623
625
671
696
696
699
699
703
709
712
719
720
723
724
729
739
743
747
747
749
750
755
756
756
762
765
779
781
790
797
818
843
844
844
851
882
886
886
889
894
901
910
913
922
930
940
944
945
945
945
966
996
996
997
997
1007
1063
1064
1070
1074
1078
1081
1107
1112
1112
1127
1130
1130
1137
1144
1149
1156
1159
1192
1196
1201
1202
1214
1218
1219
1275
1341
1386
1389
1405
1406
1419
1431
1465
1471
1482
1485
1499
1538
1539
1542
1546
1555
1576
1581
1590
1590
1596
1634
1672
1672
1673
1710
1713
1736
1778
1787
1849
1850
1861
1870
1911
1958
2036
2036
2038
2039
2042
2042
2043
2044
2044
2056
2056
2100
2106
2150
2150
2159
2164
2251
2327
2335
2339
2424
2523
2559
2562
2660
2746
2805
2867
2881
2884
2994
2998
2999
3007
3023
3050
3055
3058
3231
3236
3240
3261
3268
3272
3342
3343
3367
3416
3419
3532
3577
3650
3806
3823
3909
3968
4075
4086
4095
4110
4307
4441
4543
4745
4747
4773
4774
4845
4876
4910
5065
5074
5193
5280
5284
5434
5629
6012
6084
6120
6439
6825
7062
7320
7368
7437
7519
7733
8228
8399
